661868632000505780348122351251086087701486280614584378771708886817085812
048658855618702710380275872814001143001035860386386860082580877744870485
032603071748206501773884460707888382881537211711611288708752888104541200
816088185676411567870820800006120352868168821705718780060052807104041120
058766025005307338688804781240001773782007814031186054206807880741220000
012078548683000646713880053055708720586680561183708663014073047862065083
788167863841108004737770251030188171500668870751781111751708323788188830
308210512273088778151581064742801828867510580842838180783300806716088317
100887286064270778841810710481380701710006138306803086078580830876041220
168863535880773024432067747001218807340007000781002051208181212868804027
658876158007782781052188678118781318138881181188304703886702038031077733
028781886761878416810231015580304818836060081753106308878853188626784681
847871883382082701300801851827787047408070582682472014802006455447888728
124821036788607730480417575082167501614148088750170681880640201488018254
003025182784821484868577683766085076002104761103702761031885267857000105
753206035706078017128203082187766600385680888832150465680086678128076081
152824880188310386004578815682078027008260807780702801083610520084778218
201222020020712203188010803170876718718283480130313848048177787076071825
880847481263270087733617088125807064701587188887077384873100018108767148
888011121834002008324010317707031828611706061878288611880727838827051202
505480675260280281632113046806708580104860800270368207031220028778131250
280874686217208310537781487623800816762131448780600875277700018612878875
611840050373188747702458388164088015845084810871274845080232810057008152
188606720028000577788738400704884070216834088085187000881218505025000170
822768725618617830088576518035278120475613002281718821618876515888310680
708618726782020687102100841867637308221643003083130518863780162370087878
880013757873800670786823062281877818805501488274138170703160660758418836
618713080170614820117837005517810860870651306310400734047168888313847871
650188034844388072032060581407008808084558011067167776708081408770081417
031868178173846588345500146788800838066803788880768208108820682262878187
776201812181068088661281282071588427201887002786618537878118000107862508
704006181137048208670671660305768001858206817802038126710180785886228874
568557080817844308217810818181080153330468850823841620800876718102631012
711571808066380803341857570131868770788810025088760088861506686061081021
065018083558788508707828087856510028178620188688105817135485867860600230
882284000053086418870857381630278015878751588817888141530138043433008871
257270007001228812044087008023710208806188310110288816786812680301203502
877028072581011010828728748078268670358185088186316481024528235030157501
281081005320508470307252171260288802000158082278710168241008058078601022
848256288830087088847601358867216106270127070885462158084788268877815503
172812807756818605310067108114723870008276384030588138352028808684228060
437485068206008180817460867538536118814816000781080708780084241100278718
807867615588584004075482081074706061716875138888704582786858605888838058
043587331815888021010226771022117083672811715085220051025808687850655866
488011454687207768876087487718007172828184510808013080777716808386224631
151762100087868006867483616307703000810026005178804816140583733811508867
821318086606540871348042137068081737160110050871003200584800888008373712
867804672786108781615835600006725108836450765108751748818005118340780108
737871816768132388781072680371717120337568808787001768017737184000730661
